ISS (ZARYA)             
1 25544U 98067A   14143.42038029  .00014283  00000-0  25333-3 0  3431
2 25544  51.6489 222.3649 0003188  34.0919  50.8234 15.50496865887485
TIANGONG 1              
1 37820U 11053A   14143.09923817  .00037265  00000-0  28420-3 0   489
2 37820  42.7720 104.3509 0012280 193.9938 273.4021 15.71427646152090
SOYUZ-TMA 11M           
1 39373U 13061A   14131.76306131  .00018310  00000-0  32744-3 0  1418
2 39373  51.6478 280.1347 0002468 346.3896 155.3231 15.50052487 28795
FLOCK 1-3               
1 39512U 98067DG  14134.75909176  .10457001  12293-4  18847-2 0  2719
2 39512  51.6220 253.0811 0010735 316.6173  43.4217 16.31524558 14412
FLOCK 1-1               
1 39513U 98067DH  14143.10720285  .00470623  00000-0  16224-2 0  2733
2 39513  51.6346 213.6521 0012796 350.9778   9.0995 15.87707452 15646
FLOCK 1-2               
1 39514U 98067DJ  14143.45985186  .04104023  11858-4  22724-2 0  1645
2 39514  51.6255 208.4392 0011325 346.0415  13.7187 16.18556665 15777
FLOCK 1-4               
1 39515U 98067DK  14142.68762992  .00328297  00000-0  16661-2 0  2451
2 39515  51.6414 217.3424 0010326 337.4795 158.6265 15.79951172 15599
FLOCK 1-5               
1 39518U 98067DL  14142.68916379  .00580151  14265-3  17651-2 0  2500
2 39518  51.6348 215.3644 0014439 348.8409  11.2275 15.91260426 15524
FLOCK 1-6               
1 39519U 98067DM  14142.65199106  .00363671  00000-0  16029-2 0  2669
2 39519  51.6393 217.4008 0013941 349.7052  10.3663 15.82844446 15489
FLOCK 1-7               
1 39520U 98067DN  14143.11452546  .00718601  21965-3  21493-2 0  2713
2 39520  51.6365 212.9565 0011532 341.0271  19.0304 15.91657182 15476
FLOCK 1-8               
1 39521U 98067DP  14143.42269149  .02676626  13073-1  26186-2 0  2459
2 39521  51.6275 209.7310 0014380 350.5124   9.5046 16.13746324 15474
FLOCK 1-9               
1 39525U 98067DQ  14143.09906241  .00127535  00000-0  77610-3 0  2730
2 39525  51.6379 215.8810 0007019 335.4089  24.6575 15.76528959 15250
FLOCK 1-10              
1 39526U 98067DR  14143.07769421  .00329323  00000-0  13734-2 0  2865
2 39526  51.6383 213.4786 0011096 325.5560  34.4723 15.84149762 15283
FLOCK 1-11              
1 39527U 98067DS  14142.65950219  .00429005  00000-0  17245-2 0  2663
2 39527  51.6401 216.6936 0011567 346.8690  13.2011 15.84668069 15203
FLOCK 1-12              
1 39528U 98067DT  14143.11821103  .00050545  00000-0  53430-3 0  2706
2 39528  51.6417 219.0311 0002761 358.0653   2.0330 15.63661937 15210
FLOCK 1-13              
1 39529U 98067DU  14143.08215120  .00290291  00000-0  16958-2 0  2379
2 39529  51.6407 215.7747 0009532 345.1287  14.9431 15.76932866 15073
FLOCK 1-14              
1 39530U 98067DV  14143.16006018  .00220243  00000-0  11277-2 0  2474
2 39530  51.6374 214.7744 0009508 347.9661  12.1112 15.80060391 15091
FLOCK 1-15              
1 39531U 98067DW  14140.46201827  .14516524  12511-4  14376-2 0  2573
2 39531  51.6045 224.3805 0011973 347.4191  12.9974 16.37089993 14730
FLOCK 1-16              
1 39532U 98067DX  14142.67737557  .00295859  00000-0  15397-2 0  2551
2 39532  51.6384 218.0411 0010390 339.0064 153.2125 15.79483860 15013
FLOCK 1-17              
1 39555U 98067DY  14139.10019775  .09445541  12321-4  13562-2 0  2318
2 39555  51.6438 231.0908 0007939 314.2271  46.1402 16.33856987 12957
FLOCK 1-18              
1 39556U 98067DZ  14143.10889110  .00052805  00000-0  58142-3 0  2377
2 39556  51.6433 219.7233 0003783 359.8655   0.2337 15.62596689 13300
FLOCK 1-21              
1 39557U 98067EA  14143.11780966  .02877510  16608-1  36458-2 0  2319
2 39557  51.6194 212.8691 0021523 347.9966  12.0532 16.10338327 13543
FLOCK 1-22              
1 39558U 98067EB  14142.67823526  .00723680  22931-3  19170-2 0  2158
2 39558  51.6360 216.7887 0015683 353.7751   6.3059 15.93860027 13307
FLOCK 1-19              
1 39559U 98067EC  14142.43591130  .00702100  21018-3  20637-2 0  2357
2 39559  51.6354 217.9480 0014946 345.8754 119.5921 15.91908670 13422
FLOCK 1-20              
1 39560U 98067ED  14143.07505521  .00061802  00000-0  63675-3 0  2160
2 39560  51.6467 219.5123 0005260 309.7465  50.3066 15.64218583 13247
FLOCK 1-23              
1 39561U 98067EE  14143.16587648  .00106307  00000-0  70333-3 0  2160
2 39561  51.6401 216.3408 0009789 346.0978  13.9751 15.74665412 13244
FLOCK 1-24              
1 39562U 98067EF  14142.69450535  .00356967  00000-0  17783-2 0  2261
2 39562  51.6402 218.4377 0012093 350.5006   9.5765 15.80254895 13239
FLOCK 1-25              
1 39563U 98067EG  14142.64918866  .00268331  00000-0  15328-2 0  2274
2 39563  51.6387 218.8844 0010476 347.6017  12.4724 15.77486279 13155
FLOCK 1-26              
1 39564U 98067EH  14143.14481800  .00486964  00000-0  18325-2 0  2166
2 39564  51.6367 215.4288 0016049 356.9151   3.1751 15.85812313 13241
FLOCK 1-28              
1 39566U 98067EK  14142.62287457  .00688227  20934-3  17381-2 0  2261
2 39566  51.6286 215.6352 0016599 346.6354  13.4211 15.94719826 13305
SKYCUBE                 
1 39567U 98067EL  14143.14493378  .00052000  00000-0  58487-3 0  2481
2 39567  51.6454 219.7770 0002923 278.9507 165.0993 15.62057763 13047
LITSAT-1                
1 39568U 98067EM  14141.68969853  .08718479  12288-4  16397-2 0  2019
2 39568  51.6199 218.3520 0010228 331.9458  28.2795 16.31113353 12936
LITUANICASAT-1          
1 39569U 98067EN  14143.09771559  .00148628  00000-0  10533-2 0  2590
2 39569  51.6441 217.2260 0008284 334.3456  97.9435 15.72931424 13071
